"","asc_smlr","asc_grtr","b_FA1A_smlr","b_FA2A_smlr","b_FA3A_smlr","b_FA4A_smlr","b_FA5A_smlr","b_FA6A_smlr","b_FA1H_smlr","b_FA2H_smlr","b_FA3H_smlr","b_FA4H_smlr","b_City_Midwest_smlr","b_City_South_smlr","b_City_Northeast_smlr","b_Age_Millenials_smlr","b_Age_GenX_smlr","b_Age_Older_smlr","b_Inc_Mid_smlr","b_Inc_High_smlr","b_Vpp_Sufficient_smlr","b_Edc_MoreBachelor_smlr","b_Gen_NonFemale_smlr","b_Ngh_NonUrban_smlr","b_Rac_Other_smlr","b_FA1A_grtr","b_FA2A_grtr","b_FA3A_grtr","b_FA4A_grtr","b_FA5A_grtr","b_FA6A_grtr","b_FA1H_grtr","b_FA2H_grtr","b_FA3H_grtr","b_FA4H_grtr","b_City_Midwest_grtr","b_City_South_grtr","b_City_Northeast_grtr","b_Age_Millenials_grtr","b_Age_GenX_grtr","b_Age_Older_grtr","b_Inc_Mid_grtr","b_Inc_High_grtr","b_Vpp_Sufficient_grtr","b_Edc_MoreBachelor_grtr","b_Gen_NonFemale_grtr","b_Ngh_NonUrban_grtr","b_Rac_Other_grtr"
"asc_smlr",0.0582227353002068,0.00629361195113472,0.000465024474792156,-0.000265645886204287,-0.000563735939386079,0.000467916908231239,0.00014542450038813,-0.00281383240586676,-0.000224127366166698,-0.000630267671608459,0.000471752394428505,0.000201227743263658,-0.0069049020349787,-0.00609000991362907,-0.00609788153001192,-0.0305272694302879,-0.0307755902092052,-0.0325520423500628,-0.0101242719688883,-0.0101401750392264,-0.0063497224586661,-0.00386520409553924,-0.00448875896700232,-0.00970896710463801,-0.00765749668185812,2.30097135034993e-05,4.2586971773959e-05,-4.06377043797377e-05,8.98381591527087e-05,1.07950082801847e-05,-0.000408141889371694,-1.52100558516584e-05,-0.00010094926412655,3.99717818714581e-05,3.93467574439615e-05,-0.000875770086076226,-0.00072975991315222,-0.000771531920590699,-0.00341384863584044,-0.00348502208103949,-0.00362311254281278,-0.00113637727229673,-0.00122893876581129,-0.000743540296026501,-0.000146177223807828,-0.000381795283597516,-0.00125291691044478,-0.000925487784930808
"asc_grtr",0.00629361195113472,0.0457383058866755,-1.90217587529059e-06,1.32391005294872e-05,-8.3303156854214e-05,8.56457747818673e-05,-8.33936052512852e-06,-0.000404302124598735,-8.63835575688543e-06,-0.000176393528357497,7.8675660654158e-05,1.54432042825756e-05,-0.000817836521218721,-0.000728419683117395,-0.000735048359917986,-0.00332695845308204,-0.00338981168302952,-0.00357058687787571,-0.00116728680063888,-0.00122408278323476,-0.000760123228525486,-0.000156103633380231,-0.000447467309261175,-0.00123401210635514,-0.000950932999313859,-5.83114472865379e-05,-0.000186638820473238,-0.000810844486898765,0.00111532573375845,-2.26384328998838e-05,-0.00261777162266698,-0.000309828905861061,-0.00152011177865494,0.00131006609536898,0.000458978059361339,-0.00585066096689606,-0.0054721141851022,-0.00521999293275202,-0.0180183054237112,-0.018310463148005,-0.0205822815784018,-0.00956959667158502,-0.010387133420338,-0.00681346427422805,-0.0020767961604515,-0.00503962854626689,-0.00962792489479193,-0.00816938734725283
"b_FA1A_smlr",0.000465024474792156,-1.90217587529059e-06,0.00339849298656049,-0.000328637314514976,0.000808866952304124,-0.000701950150643233,0.000205851125647659,-0.000501847337384008,-0.000174185296081815,-0.000748598161653989,-0.000198259700106378,4.42561691145827e-05,0.000141719108695349,0.000125582152328943,-0.000117515089831859,0.000503690779090742,0.000310812711842591,-5.25588867701913e-05,-0.000223264428995554,-0.000566139229216413,-9.55881534545114e-05,-0.000714088888490501,-0.000327601402397608,0.000333230410673076,0.000419588946729107,0.000438473410058236,-2.6400750474736e-05,0.000101357752051379,-7.4870164513822e-05,5.24905548238327e-05,-5.43160984409126e-05,-2.62975071908519e-05,-8.19323320169524e-05,-2.23087612770498e-05,2.09728927015099e-05,2.23359896694555e-05,1.98705033879895e-05,8.55149614308892e-06,6.65684074400361e-05,5.25448994874955e-05,6.70201137952314e-06,-2.42554460084086e-05,-8.57658753827169e-05,-6.29686096020472e-06,-4.94024208174197e-05,-2.50795729865683e-06,1.80520395277931e-05,2.07462265600473e-05
"b_FA2A_smlr",-0.000265645886204287,1.32391005294872e-05,-0.000328637314514976,0.00403338926454769,-0.00149214651055248,-0.00118277075266396,0.000183468431898757,-0.000250730656139538,-5.4600264223617e-05,-0.000521452591986589,0.000118077955679405,-0.000343089769333307,-2.04318863180435e-05,-0.00032399734855899,-0.00019602975577269,-0.000397528947976092,9.75303484096719e-05,0.00120866915408524,-0.000702631477856226,-0.000878726624572035,-0.000104313554798711,0.000148341938811318,-0.000705233892885535,0.000664832028547483,-0.000435954319982296,-3.54593554721799e-05,0.000442971556399654,-0.000150149927932124,-0.000111452211830317,2.20190373291139e-05,-4.92003352112991e-05,-8.49803663387335e-06,-5.42988077172563e-05,1.35828188750644e-05,-3.7173512731209e-05,1.24803413946547e-06,-4.0860291931893e-05,-8.63142731625613e-06,-5.4461103846527e-05,1.81587416966785e-05,0.000122696013640977,-8.58120222695236e-05,-0.000121687237703681,-1.26248360623012e-05,3.10379419538132e-05,-6.92627164216196e-05,6.80964831860514e-05,-4.60723921302206e-05
"b_FA3A_smlr",-0.000563735939386079,-8.3303156854214e-05,0.000808866952304124,-0.00149214651055248,0.00556392968533625,-0.000920964753642697,-0.00117922352537568,0.00107180182004217,2.69090197143355e-05,0.000145745387649468,0.000130185033991264,-0.000389522580642027,-0.000481381147124808,-0.00012485131333974,-2.39474362995281e-05,-2.38547476692086e-05,0.000124394854754919,-9.09756127490799e-05,-0.000123315857839463,0.000121147229921639,0.000449288210890675,0.00069285216450128,-0.000654198753065566,-0.000158846715265106,0.000399908917398807,9.47907744521501e-05,-0.00014611828719752,0.000564758516779769,-8.48599449327322e-05,-0.000127886139481539,0.000134250366824066,7.89122428849756e-06,3.1205287710023e-05,1.04246619201753e-05,-2.30039873644405e-05,-5.10006353864176e-05,-1.71377455113704e-05,7.19450519278149e-06,2.85809871302385e-06,2.54421917049237e-05,4.86497292811075e-06,1.00846227185929e-05,3.57175897796535e-05,5.5512410959817e-05,9.96726953990604e-05,-4.64080174143989e-05,-3.72707331845971e-05,2.17184391725747e-05
"b_FA4A_smlr",0.000467916908231239,8.56457747818673e-05,-0.000701950150643233,-0.00118277075266396,-0.000920964753642697,0.00408582162145031,0.000447799435115429,-0.000499548160941555,-0.000121237501691914,-0.000126179551276493,-0.000218572399982305,0.000161879959462615,0.000101260270842891,-4.76032939391486e-05,0.000223447541672028,-3.5686767796686e-05,-0.000253037786230048,-0.0005608300742992,-0.000386668306686239,-0.000970983265219791,0.000143104798866015,-0.000833441021345585,0.000513128666208076,9.49282875796385e-05,-2.22592609383746e-05,-7.69778572409234e-05,-0.000114257164271266,-9.09070544557767e-05,0.000416578954707067,4.96663518101364e-05,-5.04829170425194e-05,-1.29042170261928e-05,-1.29871110063641e-05,-2.95437144634614e-05,2.05742877054381e-05,4.98669046842423e-06,8.17611003844284e-06,1.33381791268107e-05,2.24318767040933e-07,-7.82756040854771e-06,-3.15363292073067e-05,-4.47684081952579e-05,-0.000118758056246066,9.20721983508136e-06,-0.000124337885789569,4.85380596702877e-05,1.81420758015801e-05,1.27801959717734e-05
"b_FA5A_smlr",0.00014542450038813,-8.33936052512852e-06,0.000205851125647659,0.000183468431898757,-0.00117922352537568,0.000447799435115429,0.00259091611913962,-0.000497686474104061,0.000344050131753861,-0.000207788721376591,-0.000102187878783086,-0.000178609504224421,0.000237354144881409,0.000411943848741647,0.000740671350958264,0.000130583599710691,-6.92644438808317e-05,6.84073498960457e-05,-0.000481538753183474,-0.000731127408641817,0.00097094523377135,-0.000390388032903308,3.73052220332945e-05,-0.000986573718285838,0.000507749155918819,4.89419265221422e-05,2.35680140537762e-05,-0.000125264941052422,4.78560944456234e-05,0.000335702170150658,-3.28458092684864e-05,4.7285296550952e-05,-1.89000059210291e-05,6.26578445926741e-07,-2.214854377281e-05,2.55829722850429e-05,6.92246579606234e-05,0.000128290027176203,1.63725036343999e-05,2.56477630741287e-05,4.46188488442288e-05,-5.75595275474684e-05,-0.000107294338082649,0.000103554117476541,-2.86124273766592e-05,2.42540017130451e-05,-0.000151240412550482,5.23559260110432e-05
"b_FA6A_smlr",-0.00281383240586676,-0.000404302124598735,-0.000501847337384008,-0.000250730656139538,0.00107180182004217,-0.000499548160941555,-0.000497686474104061,0.00304187396651832,-2.47350460700716e-06,-0.00060917260589911,-0.000144565697164858,-1.27022351644222e-05,8.70722564172397e-05,4.71293568698219e-05,9.94855599508709e-05,0.000474336698480084,0.00117455419663228,0.00216110431716817,0.00104059529032144,0.00194920178938621,-0.000398841192610113,0.000650101301356601,0.000304023992869164,0.000228147668719031,-0.000259624351128343,-5.10117715305408e-05,-5.11695128651094e-05,0.000130710036924832,-5.54913010127304e-05,-3.00820689242216e-05,0.000421804008409591,-5.98097882989905e-06,-5.0618164803748e-05,-1.86002579577302e-05,5.35587254050559e-06,6.55827589586148e-06,1.52831425849482e-05,3.14529555045304e-05,6.78925397642935e-05,0.000191857428719787,0.000314444802151144,0.000135266962936907,0.000271312415632957,-5.94141753484476e-05,7.19721325129634e-05,4.79947226084517e-05,1.18675054558203e-05,-3.93637549939883e-05
"b_FA1H_smlr",-0.000224127366166698,-8.63835575688543e-06,-0.000174185296081815,-5.4600264223617e-05,2.69090197143355e-05,-0.000121237501691914,0.000344050131753861,-2.47350460700716e-06,0.00389215044953428,-0.00185412827952781,-2.41426083248637e-05,1.63491099680511e-05,2.42396802675696e-05,0.000290702092043098,-9.71499212220349e-06,0.000142414489553918,-1.08568192868392e-05,1.06258909555478e-05,0.0001459044553793,0.000130048105194566,-3.03423272960329e-05,-0.000225529530097649,7.99518973358765e-05,5.45875253699764e-05,-0.000183320398652523,-2.59098700318547e-05,-1.22084844808172e-05,2.69123248520045e-06,-1.4057802280194e-05,4.57824195807552e-05,-6.57852584844564e-06,0.000462428626969686,-0.000213827908309607,-1.01524883766352e-06,5.68676039445067e-06,3.06971079431346e-05,4.19769851951895e-05,4.82864076288679e-06,3.81646342338343e-06,3.07364817351944e-06,3.36854302165893e-06,1.41260726512756e-05,1.60053799502787e-05,-1.08773522922323e-05,-4.31930062993553e-05,8.68343615498357e-06,-6.65227567228251e-06,-6.16106647717096e-06
"b_FA2H_smlr",-0.000630267671608459,-0.000176393528357497,-0.000748598161653989,-0.000521452591986589,0.000145745387649468,-0.000126179551276493,-0.000207788721376591,-0.00060917260589911,-0.00185412827952781,0.0041051541235942,0.000507645389613342,-0.000410322495229273,-0.000145628230088974,-9.43607853699362e-05,-0.000201295323375697,0.000217981133177805,0.000684906446449591,0.00136149259216264,3.33204266566535e-07,0.000170252787843772,0.000185763710487249,-0.000202417779681449,-0.000921342174222954,0.000539840298430973,0.00013952310757993,-8.69159534932773e-05,-3.30713812757336e-05,4.28597094242456e-05,3.24105179199406e-07,-1.46167392952083e-05,-5.6051946462699e-05,-0.000205197998432536,0.000546929283846754,7.91720413645203e-05,-2.68940047888671e-05,-2.63603349462819e-05,8.62217002688135e-07,-2.2783570932745e-06,3.01741646771874e-05,0.000134927086442324,0.000203380234489826,2.13337440272875e-05,2.40969890081276e-05,1.83669119868443e-05,3.51950072550869e-05,-6.5944618557048e-05,3.67187344720613e-05,-4.22899451562674e-05
"b_FA3H_smlr",0.000471752394428505,7.8675660654158e-05,-0.000198259700106378,0.000118077955679405,0.000130185033991264,-0.000218572399982305,-0.000102187878783086,-0.000144565697164858,-2.41426083248637e-05,0.000507645389613342,0.00271125151275248,-0.000852923301588495,0.000108992197094301,8.36827899521527e-05,3.31821212943759e-05,-0.000232930869708389,-0.000270194837594528,-0.000380390239987425,-0.000340965093545759,-0.000329110192590126,-0.000124681600894721,-0.000283252898805325,0.000453607891251349,-4.2941571005966e-05,0.000150155954433323,-2.17157752482225e-05,2.19963435447102e-06,5.00676685086322e-06,-3.15854295928399e-05,4.79141395985294e-07,-1.53329139835002e-05,-6.87099758586463e-07,7.50937093939937e-05,0.000347123122951548,-0.000115704438433777,3.47501111794937e-05,4.41243940896953e-06,-6.59338024498827e-07,-2.18295047054469e-05,-8.7143639001982e-06,-1.24037942889903e-05,-3.36988158571995e-05,-3.48846398801243e-05,-2.43702352643727e-05,-6.50145378165462e-05,2.8167104960902e-05,-1.76449739596952e-06,1.6439495556244e-05
"b_FA4H_smlr",0.000201227743263658,1.54432042825756e-05,4.42561691145827e-05,-0.000343089769333307,-0.000389522580642027,0.000161879959462615,-0.000178609504224421,-1.27022351644222e-05,1.63491099680511e-05,-0.000410322495229273,-0.000852923301588495,0.00226037414783511,-3.06950739813142e-05,-1.82712830981758e-05,-0.000142996549563411,2.02183345350658e-05,7.68649657174632e-06,-0.000202611597106268,7.91971843966475e-05,2.62868114298716e-05,-0.000107076424963644,5.45593699741933e-05,3.33480408804717e-05,9.30201389283492e-05,-0.000487588943416097,1.70038151635134e-05,-3.40461636867833e-05,-2.42477166546885e-05,2.16188540214281e-05,-2.1163356805072e-05,3.99648427659278e-06,9.66033998576269e-06,-3.43145922040704e-05,-0.000111504363709832,0.000278118755565837,-1.05972371576955e-05,-3.67367367141643e-06,-1.6492911964339e-05,3.51018620631991e-06,1.83515557848026e-05,-1.77302014330145e-05,4.93127047084462e-06,8.56014349044756e-06,-1.52925615133222e-05,1.64576307551797e-05,2.05714000434648e-05,1.94218340379519e-06,-8.05656469288637e-05
"b_City_Midwest_smlr",-0.0069049020349787,-0.000817836521218721,0.000141719108695349,-2.04318863180435e-05,-0.000481381147124808,0.000101260270842891,0.000237354144881409,8.70722564172397e-05,2.42396802675696e-05,-0.000145628230088974,0.000108992197094301,-3.06950739813142e-05,0.0244507265807731,0.00770975859613268,0.00746441041061869,-0.000705113283923962,-0.000618498176331723,-0.000595934068105431,0.00042623647338828,0.00132313749170769,0.000126961452326183,-0.000113378781615664,-6.21867380326492e-05,-0.00134327148754816,0.00023490503717611,3.03993357825896e-05,-1.24255305878396e-05,-4.98774119263105e-05,-2.07688413508095e-06,2.94962545486846e-05,1.33296076056846e-05,3.51225376003077e-05,-2.16700917552017e-05,2.87705456373127e-05,-1.49001975744707e-05,0.00285846350593698,0.000944552138312551,0.00091426332359454,-5.12711963475431e-05,-6.77488076073964e-05,-1.73636430200029e-05,-1.07078768499848e-05,0.000130393519153877,-7.12793948794786e-06,-4.10085079701443e-05,-3.25073529873373e-05,-0.0001140161649288,3.76348235446e-05
"b_City_South_smlr",-0.00609000991362907,-0.000728419683117395,0.000125582152328943,-0.00032399734855899,-0.00012485131333974,-4.76032939391486e-05,0.000411943848741647,4.71293568698219e-05,0.000290702092043098,-9.43607853699362e-05,8.36827899521527e-05,-1.82712830981758e-05,0.00770975859613268,0.0213740601387043,0.00767460946277778,-0.000137369238060962,-0.000176062905051775,-0.000359517875795376,0.000111414175818801,-4.43486645292208e-05,0.000176891072322174,-0.000671876678561581,-7.61361635063218e-05,-0.00116003227618708,-0.000598039478310242,1.20457142327662e-05,-4.55226110534271e-05,-2.45955690309776e-05,9.6036845986503e-06,6.80902522989661e-05,1.45800328860075e-05,4.9163207864846e-05,-1.49867436492139e-05,1.21640167910247e-05,-1.10268941352263e-05,0.000940581838599722,0.00280878671153408,0.000962752882712612,2.36761733707431e-07,4.51502372745521e-06,-2.45962180131488e-05,-3.18671459001969e-05,-3.02354270593037e-05,-3.41272724315391e-05,-9.44838614448632e-05,-9.98125332821282e-07,-0.000131412195889742,-0.000101196477190732
"b_City_Northeast_smlr",-0.00609788153001192,-0.000735048359917986,-0.000117515089831859,-0.00019602975577269,-2.39474362995281e-05,0.000223447541672028,0.000740671350958264,9.94855599508709e-05,-9.71499212220349e-06,-0.000201295323375697,3.31821212943759e-05,-0.000142996549563411,0.00746441041061869,0.00767460946277778,0.0193128390742171,-0.000514079109151588,-0.000791251042886577,-0.00163731174183105,-0.000574394752697826,-0.000627588167650737,-0.0010247109444516,-0.000363144278630989,-0.000122392961813573,0.000586400163073541,-0.000587183024953638,-9.26374097519786e-06,-2.93299360301477e-05,-9.29199666546622e-06,1.37019669874078e-05,0.000113438698713913,2.99733061248407e-05,1.10001385969592e-05,-4.67180084971152e-05,1.32365025157437e-05,-2.90399597147215e-05,0.000909514391402973,0.000957198181325296,0.00284899009885856,-4.63006930656317e-05,-8.34657906831655e-05,-0.000169941689183183,-7.04423361096299e-05,-0.000142421370064863,-0.000194210230451581,-8.07677864424083e-05,-9.0382873627317e-06,0.000110668115191573,-7.23423951071551e-05
"b_Age_Millenials_smlr",-0.0305272694302879,-0.00332695845308204,0.000503690779090742,-0.000397528947976092,-2.38547476692086e-05,-3.5686767796686e-05,0.000130583599710691,0.000474336698480084,0.000142414489553918,0.000217981133177805,-0.000232930869708389,2.02183345350658e-05,-0.000705113283923962,-0.000137369238060962,-0.000514079109151588,0.042053436394627,0.0350097280843312,0.0348131491035015,-0.000965247131784054,-0.000171347669168692,0.00157667924010649,-0.00615198161594741,-0.00167685298808201,0.00208398527300455,0.00141087425074403,8.73980617718318e-05,-6.47868547906576e-05,-5.72316264207323e-06,-1.44116399437552e-05,2.48542571092778e-05,8.26156811504009e-05,-4.33202495031458e-06,5.66781957928284e-05,-2.19011712540725e-05,6.40313109402681e-06,-3.57409227195807e-05,-1.07198831127499e-06,-5.04533431531468e-05,0.0047381881435103,0.00372142818829227,0.00373730347496141,-6.92050446810284e-05,0.000100564636328688,0.000192723843828989,-0.000826495287149128,-0.000236886865579892,0.000251912543402148,0.00015826059589911
"b_Age_GenX_smlr",-0.0307755902092052,-0.00338981168302952,0.000310812711842591,9.75303484096719e-05,0.000124394854754919,-0.000253037786230048,-6.92644438808317e-05,0.00117455419663228,-1.08568192868392e-05,0.000684906446449591,-0.000270194837594528,7.68649657174632e-06,-0.000618498176331723,-0.000176062905051775,-0.000791251042886577,0.0350097280843312,0.0446977688224909,0.0366610327036452,-0.000969476527531635,-0.00194899556985228,0.00147970999604893,-0.0056554115320127,-0.00223852594661901,0.00190994079311429,0.00147335705040441,7.00027772842993e-05,1.6737455136495e-06,3.09796925683154e-06,-3.27638252362424e-05,3.35351175899611e-05,0.000200417607888943,-2.15671379127067e-08,0.00014844899941095,-1.35086178914331e-05,1.41430057115715e-05,-5.81726493149795e-05,-3.62883526804844e-06,-9.46830879573873e-05,0.00374667583291742,0.00515442268537806,0.00402841115428606,-9.07171861523402e-05,-0.000113036077937257,0.000209286408447299,-0.000775882497265,-0.000302898119807775,0.000221939917462273,0.000114934243270859
"b_Age_Older_smlr",-0.0325520423500628,-0.00357058687787571,-5.25588867701913e-05,0.00120866915408524,-9.09756127490799e-05,-0.0005608300742992,6.84073498960457e-05,0.00216110431716817,1.06258909555478e-05,0.00136149259216264,-0.000380390239987425,-0.000202611597106268,-0.000595934068105431,-0.000359517875795376,-0.00163731174183105,0.0348131491035015,0.0366610327036452,0.0528540314139047,-7.58939404732825e-06,-0.000628312315594186,0.00155905797225791,-0.00512978927101867,-0.00221863960827634,0.000741957390516957,0.00226817520369508,2.86954236806107e-05,9.845560301588e-05,-1.13977958953575e-05,-6.24928253049986e-05,5.35822920764658e-05,0.000331230874663028,-8.71649277283111e-07,0.000228407327693986,-2.16202180611705e-05,-1.68961874186213e-05,-1.81484604403764e-05,-3.80521282012468e-05,-0.000198667679141579,0.00381572789796085,0.00412059503198317,0.00574623409118063,5.65143363196121e-05,6.99416677037669e-05,0.000176474830801994,-0.000746693035760719,-0.000323811089979064,8.76663507139645e-05,0.000258807464395621
"b_Inc_Mid_smlr",-0.0101242719688883,-0.00116728680063888,-0.000223264428995554,-0.000702631477856226,-0.000123315857839463,-0.000386668306686239,-0.000481538753183474,0.00104059529032144,0.0001459044553793,3.33204266566535e-07,-0.000340965093545759,7.91971843966475e-05,0.00042623647338828,0.000111414175818801,-0.000574394752697826,-0.000965247131784054,-0.000969476527531635,-7.58939404732825e-06,0.0228457300473191,0.0152241298670134,0.000401293710807981,-0.00374577163767266,-0.000185360176849931,-0.000274117311785374,0.000673524730031987,-1.88082626464584e-05,-7.83438814317146e-05,2.21852543060893e-05,-4.00907810782598e-05,-5.52664865373298e-05,0.000142554017166044,1.54320420684563e-05,3.99232353382578e-05,-3.87429075248816e-05,1.05773429692986e-05,-3.16268391744151e-05,-2.77332207114487e-05,-5.32662237632776e-05,-9.33570974287085e-05,-0.000114705740324679,3.26246750474388e-05,0.00266960442034443,0.00158388263227737,8.16069426106883e-06,-0.00035012638612604,2.25776578044131e-05,-9.93272042735515e-05,2.58399319327617e-05
"b_Inc_High_smlr",-0.0101401750392264,-0.00122408278323476,-0.000566139229216413,-0.000878726624572035,0.000121147229921639,-0.000970983265219791,-0.000731127408641817,0.00194920178938621,0.000130048105194566,0.000170252787843772,-0.000329110192590126,2.62868114298716e-05,0.00132313749170769,-4.43486645292208e-05,-0.000627588167650737,-0.000171347669168692,-0.00194899556985228,-0.000628312315594186,0.0152241298670134,0.0242402656202539,0.000273730042163625,-0.00589320803768402,-0.000427539138247579,-0.000702407990043865,0.00254020931144643,-7.39684384361151e-05,-0.000119760273896005,4.15729603553633e-05,-0.000122068129953507,-0.000102963309115293,0.000279276716512776,1.76327629028065e-05,4.94724342455742e-05,-4.70779668294676e-05,1.28886765151485e-05,0.000112393654222968,-3.11899710943452e-05,-0.00015566947025898,5.11746777621177e-05,-0.00016937195085527,2.06390637167837e-05,0.00163451461357685,0.00295004845934976,1.23181269999054e-05,-0.000714147944884329,-2.58445079733832e-05,-0.000176076097975328,0.00030601186859292
"b_Vpp_Sufficient_smlr",-0.0063497224586661,-0.000760123228525486,-9.55881534545114e-05,-0.000104313554798711,0.000449288210890675,0.000143104798866015,0.00097094523377135,-0.000398841192610113,-3.03423272960329e-05,0.000185763710487249,-0.000124681600894721,-0.000107076424963644,0.000126961452326183,0.000176891072322174,-0.0010247109444516,0.00157667924010649,0.00147970999604893,0.00155905797225791,0.000401293710807981,0.000273730042163625,0.0151845388462423,0.000154557013218098,6.70735890351407e-05,0.000664642963198363,-0.000413244836831566,-8.70131596496957e-06,-1.16500186973724e-05,4.88518431701331e-05,1.16193485807862e-05,9.94601982226441e-05,-5.71991787430373e-05,-1.13329061367592e-05,1.34379276958552e-05,-2.05134246724345e-05,-1.49177079597945e-05,3.9175373246775e-06,-3.07607466267037e-05,-0.000208142102839301,0.000204171763827144,0.000226300696006413,0.000180312268735401,1.05040417899247e-05,1.72823844190729e-05,0.00196881331739354,8.54672796114056e-06,-6.74558433859189e-06,0.000116823333573269,-4.08419497520042e-05
"b_Edc_MoreBachelor_smlr",-0.00386520409553924,-0.000156103633380231,-0.000714088888490501,0.000148341938811318,0.00069285216450128,-0.000833441021345585,-0.000390388032903308,0.000650101301356601,-0.000225529530097649,-0.000202417779681449,-0.000283252898805325,5.45593699741933e-05,-0.000113378781615664,-0.000671876678561581,-0.000363144278630989,-0.00615198161594741,-0.0056554115320127,-0.00512978927101867,-0.00374577163767266,-0.00589320803768402,0.000154557013218098,0.0180758318423393,0.000333126730921692,-0.000197694447007451,0.000135602449861337,-7.38078489918236e-05,1.51529439907725e-05,7.40591718734875e-05,-0.000115703844050295,-4.31909222278191e-05,6.2452536475532e-05,-3.87765108645895e-05,-3.22829874297521e-05,-3.59878087706433e-05,1.85656422295187e-06,-4.42074267275748e-07,-9.8534613858278e-05,-8.64597459513945e-05,-0.000745454012062555,-0.00066986957964605,-0.000639714685170247,-0.000392679340416911,-0.00071688807611995,1.81164842722163e-06,0.00200235395731693,3.5096382341411e-05,-2.04977479973451e-05,-3.19764368218945e-05
"b_Gen_NonFemale_smlr",-0.00448875896700232,-0.000447467309261175,-0.000327601402397608,-0.000705233892885535,-0.000654198753065566,0.000513128666208076,3.73052220332945e-05,0.000304023992869164,7.99518973358765e-05,-0.000921342174222954,0.000453607891251349,3.33480408804717e-05,-6.21867380326492e-05,-7.61361635063218e-05,-0.000122392961813573,-0.00167685298808201,-0.00223852594661901,-0.00221863960827634,-0.000185360176849931,-0.000427539138247579,6.70735890351407e-05,0.000333126730921692,0.0123614447494166,0.000400769866650081,0.000373513520905337,-2.70698621785993e-05,-6.52402660013044e-05,-5.37427958435709e-05,5.94204663077111e-05,1.5904791652247e-05,4.08511933937292e-05,1.67424164854661e-05,-0.00011221918606705,5.11777138924322e-05,1.30408848891598e-05,-1.51715940817758e-05,4.95097895303812e-06,3.24530790982548e-05,-0.000206247552860987,-0.000256545463626928,-0.000276512135328687,-1.01540716494625e-05,-4.1572821467175e-05,-3.73504828888375e-06,8.53165545859132e-05,0.00140796387646542,2.71491250243845e-05,3.88769460399741e-05
"b_Ngh_NonUrban_smlr",-0.00970896710463801,-0.00123401210635514,0.000333230410673076,0.000664832028547483,-0.000158846715265106,9.49282875796385e-05,-0.000986573718285838,0.000228147668719031,5.45875253699764e-05,0.000539840298430973,-4.2941571005966e-05,9.30201389283492e-05,-0.00134327148754816,-0.00116003227618708,0.000586400163073541,0.00208398527300455,0.00190994079311429,0.000741957390516957,-0.000274117311785374,-0.000702407990043865,0.000664642963198363,-0.000197694447007451,0.000400769866650081,0.0136681220229511,0.000849169964409137,2.37103610986251e-05,5.76030808748102e-05,-3.18359069985564e-05,1.66455760474808e-05,-0.000154986729384009,1.88973365068549e-05,-1.60537924589342e-05,5.10114006374744e-05,-7.71164035916673e-06,2.96863661399395e-06,-0.000110911689247552,-0.000142204484382168,8.98500074442658e-05,0.000268898889642559,0.000224128130936265,0.000106919556023623,-8.42153083306648e-05,-0.00017644114620668,0.000116644625527737,-3.95436095791068e-05,1.89148807826296e-05,0.00178779283467303,0.000180820576176331
"b_Rac_Other_smlr",-0.00765749668185812,-0.000950932999313859,0.000419588946729107,-0.000435954319982296,0.000399908917398807,-2.22592609383746e-05,0.000507749155918819,-0.000259624351128343,-0.000183320398652523,0.00013952310757993,0.000150155954433323,-0.000487588943416097,0.00023490503717611,-0.000598039478310242,-0.000587183024953638,0.00141087425074403,0.00147335705040441,0.00226817520369508,0.000673524730031987,0.00254020931144643,-0.000413244836831566,0.000135602449861337,0.000373513520905337,0.000849169964409137,0.014807293045108,2.34643338054298e-05,-4.29256250134728e-05,2.90591223729275e-05,1.0108803114722e-05,5.29119560858158e-05,-3.71760914491554e-05,-5.29328474052501e-06,-2.81040262032805e-05,1.33273436044558e-05,-7.96446664147399e-05,4.04788604413118e-05,-0.000103324284767859,-7.68389076740892e-05,0.000185907188713507,0.000121191255162061,0.000304030818068539,3.7461657130699e-05,0.000308344753885435,-4.27559742672534e-05,-2.80729807304051e-05,4.76226756842474e-05,0.000179116537043353,0.00187132667301229
"b_FA1A_grtr",2.30097135034993e-05,-5.83114472865379e-05,0.000438473410058236,-3.54593554721799e-05,9.47907744521501e-05,-7.69778572409234e-05,4.89419265221422e-05,-5.10117715305408e-05,-2.59098700318547e-05,-8.69159534932773e-05,-2.17157752482225e-05,1.70038151635134e-05,3.03993357825896e-05,1.20457142327662e-05,-9.26374097519786e-06,8.73980617718318e-05,7.00027772842993e-05,2.86954236806107e-05,-1.88082626464584e-05,-7.39684384361151e-05,-8.70131596496957e-06,-7.38078489918236e-05,-2.70698621785993e-05,2.37103610986251e-05,2.34643338054298e-05,0.00373217448817598,-0.000440813815065713,0.000899067100503277,-0.000761589374848689,0.000138034280305367,-0.000662905220893754,-0.000168130870349177,-0.000740085029062354,-0.000220593670112342,1.49377534397038e-05,-1.26207174635519e-05,0.000144469551315035,-9.22585594646442e-05,0.000635327285601883,0.000413373497215642,9.46352686838793e-07,-0.000186400436805957,-0.000537465871701011,-0.000184837336161757,-0.00107495819530895,-0.00027901487144281,0.00032143919635952,0.000540885364420338
"b_FA2A_grtr",4.2586971773959e-05,-0.000186638820473238,-2.6400750474736e-05,0.000442971556399654,-0.00014611828719752,-0.000114257164271266,2.35680140537762e-05,-5.11695128651094e-05,-1.22084844808172e-05,-3.30713812757336e-05,2.19963435447102e-06,-3.40461636867833e-05,-1.24255305878396e-05,-4.55226110534271e-05,-2.93299360301477e-05,-6.47868547906576e-05,1.6737455136495e-06,9.845560301588e-05,-7.83438814317146e-05,-0.000119760273896005,-1.16500186973724e-05,1.51529439907725e-05,-6.52402660013044e-05,5.76030808748102e-05,-4.29256250134728e-05,-0.000440813815065713,0.00485048393267327,-0.0017110694800633,-0.00132058364127359,0.000207477267916116,-0.000376705056799086,-0.000253089052008766,-0.00050800606334937,0.000136409744993077,-0.000452842183660553,-6.89999280145707e-05,-0.000368094612510223,-0.000343412082038124,-0.000653905227943276,-0.000150284455951139,0.00107706343919609,-0.000662280052721852,-0.000773043899533173,-2.06663859381237e-05,-9.17988271594145e-05,-0.00073862848433128,0.000706795171889646,-0.000455063073404766
"b_FA3A_grtr",-4.06377043797377e-05,-0.000810844486898765,0.000101357752051379,-0.000150149927932124,0.000564758516779769,-9.09070544557767e-05,-0.000125264941052422,0.000130710036924832,2.69123248520045e-06,4.28597094242456e-05,5.00676685086322e-06,-2.42477166546885e-05,-4.98774119263105e-05,-2.45955690309776e-05,-9.29199666546622e-06,-5.72316264207323e-06,3.09796925683154e-06,-1.13977958953575e-05,2.21852543060893e-05,4.15729603553633e-05,4.88518431701331e-05,7.40591718734875e-05,-5.37427958435709e-05,-3.18359069985564e-05,2.90591223729275e-05,0.000899067100503277,-0.0017110694800633,0.00618493409476411,-0.0011386255986984,-0.00132254926166017,0.00105777901782246,1.18453540287693e-05,0.000146273838256522,0.00018353122745721,-0.000496951561526889,-0.000435537593409239,-0.000123387048822388,0.000104355633876267,-5.79340814148986e-05,1.26841192322292e-05,-0.000179034207295597,-0.000389956365829348,-0.000195096160650141,0.000338148011076763,0.000872558378852968,-0.000432798708609539,-5.03683115197091e-05,0.000575442934050954
"b_FA4A_grtr",8.98381591527087e-05,0.00111532573375845,-7.4870164513822e-05,-0.000111452211830317,-8.48599449327322e-05,0.000416578954707067,4.78560944456234e-05,-5.54913010127304e-05,-1.4057802280194e-05,3.24105179199406e-07,-3.15854295928399e-05,2.16188540214281e-05,-2.07688413508095e-06,9.6036845986503e-06,1.37019669874078e-05,-1.44116399437552e-05,-3.27638252362424e-05,-6.24928253049986e-05,-4.00907810782598e-05,-0.000122068129953507,1.16193485807862e-05,-0.000115703844050295,5.94204663077111e-05,1.66455760474808e-05,1.0108803114722e-05,-0.000761589374848689,-0.00132058364127359,-0.0011386255986984,0.00401922023050615,0.000369334374268303,-0.000622831982463543,-0.0001501125237835,-1.55834393601148e-05,-0.00013041822816289,0.000135139301297746,0.000208122211455368,-6.81666236313928e-05,9.79476164876064e-05,-2.89112557725591e-05,-0.000319235394730287,-0.000583389750355525,-0.000159494890419218,-0.000799858851952981,0.000100855972887392,-0.000831820367179289,0.000398964007659949,0.000190740696905748,-0.000120289129905144
"b_FA5A_grtr",1.07950082801847e-05,-2.26384328998838e-05,5.24905548238327e-05,2.20190373291139e-05,-0.000127886139481539,4.96663518101364e-05,0.000335702170150658,-3.00820689242216e-05,4.57824195807552e-05,-1.46167392952083e-05,4.79141395985294e-07,-2.1163356805072e-05,2.94962545486846e-05,6.80902522989661e-05,0.000113438698713913,2.48542571092778e-05,3.35351175899611e-05,5.35822920764658e-05,-5.52664865373298e-05,-0.000102963309115293,9.94601982226441e-05,-4.31909222278191e-05,1.5904791652247e-05,-0.000154986729384009,5.29119560858158e-05,0.000138034280305367,0.000207477267916116,-0.00132254926166017,0.000369334374268303,0.0030013436360963,-0.000715331497997729,0.000475704643189812,-0.000186284282979612,-0.000256268984790089,-0.000211787312439786,0.000299322517560432,0.000392885270354131,0.000673681439603186,3.44453403803833e-05,-0.000190937007257673,-0.000167181433211997,-0.000425509102860357,-0.000594695622091634,0.00102032321353914,-0.000478263740047767,-8.08565190251942e-06,-0.000920493314213063,0.000463211723537071
"b_FA6A_grtr",-0.000408141889371694,-0.00261777162266698,-5.43160984409126e-05,-4.92003352112991e-05,0.000134250366824066,-5.04829170425194e-05,-3.28458092684864e-05,0.000421804008409591,-6.57852584844564e-06,-5.6051946462699e-05,-1.53329139835002e-05,3.99648427659278e-06,1.33296076056846e-05,1.45800328860075e-05,2.99733061248407e-05,8.26156811504009e-05,0.000200417607888943,0.000331230874663028,0.000142554017166044,0.000279276716512776,-5.71991787430373e-05,6.2452536475532e-05,4.08511933937292e-05,1.88973365068549e-05,-3.71760914491554e-05,-0.000662905220893754,-0.000376705056799086,0.00105777901782246,-0.000622831982463543,-0.000715331497997729,0.00323385178399624,-5.0927891776613e-05,-0.00055710071416622,-0.000130405047823852,-8.29263799935146e-05,-9.31334632729633e-06,-2.36218196084513e-05,5.12854856176518e-05,0.000268680813853967,0.000940526250902226,0.00211230467787372,0.000807973582905529,0.00173616792023318,-0.000343721614190471,0.000979293022686116,0.000321018264834144,0.000244059036401207,-0.000142568859217207
"b_FA1H_grtr",-1.52100558516584e-05,-0.000309828905861061,-2.62975071908519e-05,-8.49803663387335e-06,7.89122428849756e-06,-1.29042170261928e-05,4.7285296550952e-05,-5.98097882989905e-06,0.000462428626969686,-0.000205197998432536,-6.87099758586463e-07,9.66033998576269e-06,3.51225376003077e-05,4.9163207864846e-05,1.10001385969592e-05,-4.33202495031458e-06,-2.15671379127067e-08,-8.71649277283111e-07,1.54320420684563e-05,1.76327629028065e-05,-1.13329061367592e-05,-3.87765108645895e-05,1.67424164854661e-05,-1.60537924589342e-05,-5.29328474052501e-06,-0.000168130870349177,-0.000253089052008766,1.18453540287693e-05,-0.0001501125237835,0.000475704643189812,-5.0927891776613e-05,0.00510798978022007,-0.00218986214612293,-0.000235959116906634,-0.000131203617574073,5.55147804291082e-05,0.000449600041169057,-1.44468328092256e-05,0.000204419559665134,-7.90916982352057e-05,-1.46375471260228e-05,0.000117170473101948,0.00023495168408171,0.000120630662115631,-0.000188379592221883,9.9848785939802e-05,9.69934272875024e-05,-0.000172778645634436
"b_FA2H_grtr",-0.00010094926412655,-0.00152011177865494,-8.19323320169524e-05,-5.42988077172563e-05,3.1205287710023e-05,-1.29871110063641e-05,-1.89000059210291e-05,-5.0618164803748e-05,-0.000213827908309607,0.000546929283846754,7.50937093939937e-05,-3.43145922040704e-05,-2.16700917552017e-05,-1.49867436492139e-05,-4.67180084971152e-05,5.66781957928284e-05,0.00014844899941095,0.000228407327693986,3.99232353382578e-05,4.94724342455742e-05,1.34379276958552e-05,-3.22829874297521e-05,-0.00011221918606705,5.10114006374744e-05,-2.81040262032805e-05,-0.000740085029062354,-0.00050800606334937,0.000146273838256522,-1.55834393601148e-05,-0.000186284282979612,-0.00055710071416622,-0.00218986214612293,0.00408338707861412,0.000372719516419861,-0.000503723526339988,-0.000222884380973037,-0.000191491116847605,-0.000292409371055932,9.31684634143503e-05,0.000498264099128132,0.00129003381057227,-0.000194988227333086,-0.000112003346591692,0.00017533128367488,-6.65358518961332e-05,-0.0008270959530328,0.000599740686543762,0.0001118859780823
"b_FA3H_grtr",3.99717818714581e-05,0.00131006609536898,-2.23087612770498e-05,1.35828188750644e-05,1.04246619201753e-05,-2.95437144634614e-05,6.26578445926741e-07,-1.86002579577302e-05,-1.01524883766352e-06,7.91720413645203e-05,0.000347123122951548,-0.000111504363709832,2.87705456373127e-05,1.21640167910247e-05,1.32365025157437e-05,-2.19011712540725e-05,-1.35086178914331e-05,-2.16202180611705e-05,-3.87429075248816e-05,-4.70779668294676e-05,-2.05134246724345e-05,-3.59878087706433e-05,5.11777138924322e-05,-7.71164035916673e-06,1.33273436044558e-05,-0.000220593670112342,0.000136409744993077,0.00018353122745721,-0.00013041822816289,-0.000256268984790089,-0.000130405047823852,-0.000235959116906634,0.000372719516419861,0.00296179900799055,-0.00091592384044497,0.00013331779542579,0.000144451668363455,-8.77967210631057e-05,-0.000178952816218101,-0.000303533570035958,-0.000349752984390568,-0.000228472791279516,-0.000231682784412141,-0.000206553147721942,-0.000330841418664485,0.000368513550094741,2.43373774362537e-05,0.000162691588301913
"b_FA4H_grtr",3.93467574439615e-05,0.000458978059361339,2.09728927015099e-05,-3.7173512731209e-05,-2.30039873644405e-05,2.05742877054381e-05,-2.214854377281e-05,5.35587254050559e-06,5.68676039445067e-06,-2.68940047888671e-05,-0.000115704438433777,0.000278118755565837,-1.49001975744707e-05,-1.10268941352263e-05,-2.90399597147215e-05,6.40313109402681e-06,1.41430057115715e-05,-1.68961874186213e-05,1.05773429692986e-05,1.28886765151485e-05,-1.49177079597945e-05,1.85656422295187e-06,1.30408848891598e-05,2.96863661399395e-06,-7.96446664147399e-05,1.49377534397038e-05,-0.000452842183660553,-0.000496951561526889,0.000135139301297746,-0.000211787312439786,-8.29263799935146e-05,-0.000131203617574073,-0.000503723526339988,-0.00091592384044497,0.00264390269480399,-9.13928004946193e-06,-7.90917522328519e-05,-8.03176625034932e-05,-1.71154842463678e-05,-5.42823456099258e-05,-0.000440186607380429,0.000100905518725015,5.35191883602625e-06,-6.14378318188471e-05,-0.000133578436233349,1.10753671849838e-06,6.34256268992116e-05,-0.000424755067137264
"b_City_Midwest_grtr",-0.000875770086076226,-0.00585066096689606,2.23359896694555e-05,1.24803413946547e-06,-5.10006353864176e-05,4.98669046842423e-06,2.55829722850429e-05,6.55827589586148e-06,3.06971079431346e-05,-2.63603349462819e-05,3.47501111794937e-05,-1.05972371576955e-05,0.00285846350593698,0.000940581838599722,0.000909514391402973,-3.57409227195807e-05,-5.81726493149795e-05,-1.81484604403764e-05,-3.16268391744151e-05,0.000112393654222968,3.9175373246775e-06,-4.42074267275748e-07,-1.51715940817758e-05,-0.000110911689247552,4.04788604413118e-05,-1.26207174635519e-05,-6.89999280145707e-05,-0.000435537593409239,0.000208122211455368,0.000299322517560432,-9.31334632729633e-06,5.55147804291082e-05,-0.000222884380973037,0.00013331779542579,-9.13928004946193e-06,0.0261005704851952,0.00703987543307691,0.00692564274821462,-0.000556761252186025,-0.00076324066488706,-0.000769568522786443,2.89613689951602e-05,0.00118845297585281,0.000390750305883084,-3.00361447935627e-05,-0.000558946451291442,-0.00118259946037776,0.000175107801474879
"b_City_South_grtr",-0.00072975991315222,-0.0054721141851022,1.98705033879895e-05,-4.0860291931893e-05,-1.71377455113704e-05,8.17611003844284e-06,6.92246579606234e-05,1.52831425849482e-05,4.19769851951895e-05,8.62217002688135e-07,4.41243940896953e-06,-3.67367367141643e-06,0.000944552138312551,0.00280878671153408,0.000957198181325296,-1.07198831127499e-06,-3.62883526804844e-06,-3.80521282012468e-05,-2.77332207114487e-05,-3.11899710943452e-05,-3.07607466267037e-05,-9.8534613858278e-05,4.95097895303812e-06,-0.000142204484382168,-0.000103324284767859,0.000144469551315035,-0.000368094612510223,-0.000123387048822388,-6.81666236313928e-05,0.000392885270354131,-2.36218196084513e-05,0.000449600041169057,-0.000191491116847605,0.000144451668363455,-7.90917522328519e-05,0.00703987543307691,0.0212546485055149,0.0069602910939128,-1.72771651562476e-06,-0.00034639770707993,-0.000392131603748982,0.000233500425257979,-7.50370233151833e-06,0.000251688179407696,-0.00068943832352264,4.78017350409884e-05,-0.00148276457193605,-0.00055271408198102
