"","asc_smlr","asc_grtr","b_FA1A_smlr","b_FA2A_smlr","b_FA3A_smlr","b_FA4A_smlr","b_FA5A_smlr","b_FA6A_smlr","b_FA1H_smlr","b_FA2H_smlr","b_FA3H_smlr","b_FA4H_smlr","b_City_Midwest_smlr","b_City_Northeast_smlr","b_City_South_smlr","b_City_West_smlr","b_Age_GenZ_smlr","b_Age_Millenials_smlr","b_Age_GenX_smlr","b_Age_Older_smlr","b_Inc_Low_smlr","b_Inc_Mid_smlr","b_Inc_High_smlr","b_Vpp_Deficient_smlr","b_Vpp_Sufficient_smlr","b_Edc_LessBachelor_smlr","b_Edc_MoreBachelor_smlr","b_Gen_Female_smlr","b_Gen_NonFemale_smlr","b_Ngh_Urban_smlr","b_Ngh_NonUrban_smlr","b_Rac_White_smlr","b_Rac_Other_smlr","b_FA1A_grtr","b_FA2A_grtr","b_FA3A_grtr","b_FA4A_grtr","b_FA5A_grtr","b_FA6A_grtr","b_FA1H_grtr","b_FA2H_grtr","b_FA3H_grtr","b_FA4H_grtr","b_City_Midwest_grtr","b_City_Northeast_grtr","b_City_South_grtr","b_City_West_grtr","b_Age_GenZ_grtr","b_Age_Millenials_grtr","b_Age_GenX_grtr","b_Age_Older_grtr","b_Inc_Low_grtr","b_Inc_Mid_grtr","b_Inc_High_grtr","b_Vpp_Deficient_grtr","b_Vpp_Sufficient_grtr","b_Edc_LessBachelor_grtr","b_Edc_MoreBachelor_grtr","b_Gen_Female_grtr","b_Gen_NonFemale_grtr","b_Ngh_Urban_grtr","b_Ngh_NonUrban_grtr","b_Rac_White_grtr","b_Rac_Other_grtr"
"asc_smlr",13233127.5771586,-7638307.60826019,0.055971457645632,-0.0256751443173552,0.0590379025043212,-0.0191439063045163,-0.0305228502626571,0.0761273643757995,-0.0849732502477797,-0.00402337812537246,0.0318251105133649,-0.00609368908945558,1934130.18228663,1934130.21671593,1934130.10273168,1934130.23186485,8650705.43376701,8650705.04298731,8650705.35822372,8650705.51240451,-7928853.77703363,-7928853.89371846,-7928853.72446403,-20978129.2066258,-20978129.192782,-1266450.86381948,-1266450.84855744,-1155925.86604633,-1155925.90350277,-2039840.402506,-2039840.94171718,9551237.98750719,9551238.13457221,-0.00236934999477094,0.00328919367072871,0.0337623750213578,-0.0356065178707074,-0.0216164489377583,0.084257891064258,-0.0443771446530871,0.00367190094844185,-0.00446465745152583,-0.00268172705070934,-87394.2617085704,-87394.2426513873,-87394.2876256213,-87394.2482363769,-6455865.77112204,-6455865.53408856,-6455865.98999441,-6455865.69234134,-5190230.03796211,-5190229.66715511,-5190229.68602235,19625159.1517914,19625158.7812691,-11189262.1201183,-11189263.09082,-5568767.26694051,-5568767.5897479,9804718.69032427,9804718.46816238,6699950.61817229,6699950.23682742
"asc_grtr",-7638307.60826019,19234846.7598045,0.0314299859040951,-0.0130398044009381,0.0379839641126516,-0.0200835451255675,-0.0209572630661574,0.0682063452201081,-0.0441908111542829,-0.0124663831935408,0.0114481292551742,0.00325074422016252,1046492.07550212,1046492.1322465,1046492.07857447,1046492.0914489,3282877.09515246,3282877.17371444,3282877.05333295,3282877.09805465,2827333.24191161,2827333.2813635,2827333.2448144,-2923097.43539604,-2923097.6193121,128242.93032815,128242.967200107,-3565388.53608503,-3565388.586608,-1946436.16897169,-1946435.96907878,8788283.3396953,8788283.02300307,-0.0108333398065628,-0.00642296340697732,0.0390242707686415,-0.0324968834466614,-0.0199964220174097,0.104387601676702,-0.0197268627518268,-0.0129141012123328,-0.00254391000481341,-0.00482726291340781,-133278.839561592,-133278.816855453,-133278.767468294,-133278.884810678,-4672620.86595235,-4672620.80369364,-4672620.34377643,-4672620.61964532,-4073719.5210714,-4073719.59330807,-4073719.39215792,6973880.47193327,6973880.83023396,-11132571.8999887,-11132571.472392,-4589354.26390738,-4589354.06910901,1944773.18355054,1944773.17565717,-3551955.92048745,-3551956.07619795
"b_FA1A_smlr",0.055971457645632,0.0314299859040951,0.00339853163431311,-0.000328627046267612,0.000808934347391186,-0.000702017008537606,0.000205806697282393,-0.00050185365749727,-0.000174143120138273,-0.000748581096974774,-0.000198274171609072,4.42639956708178e-05,-0.0087818394975706,-0.00904112579913545,-0.00879797698128583,-0.00892362551546264,0.0147769882742479,0.0152806614963494,0.0150877999908845,0.014724421407904,-0.0278615765448455,-0.028084820042085,-0.0284277100889809,-0.0117468902523917,-0.0118425439202549,0.00762606003297069,0.00691194962009277,-0.00205677666947724,-0.00238438368064761,-0.0312893698972737,-0.030956132506032,0.00396860518621105,0.00438823909977977,0.000438506077117376,-2.63955926128102e-05,0.000101364214655484,-7.48692574069806e-05,5.24955320218576e-05,-5.4328608178433e-05,-2.62962186051884e-05,-8.19407886178027e-05,-2.23160233664003e-05,2.09788312875186e-05,-0.00160166868418222,-0.00161545582944922,-0.00160413050245041,-0.0016240124580252,0.0141386978451714,0.0142052694035007,0.0141912502097912,0.0141454185039813,0.00338540708476076,0.00336113287062967,0.0032996330493623,-0.00572941458473804,-0.00573570727814137,-0.0287053712024533,-0.0287547714145237,-0.00995704273509066,-0.00995955560215077,0.00108260613154382,0.0011006563706345,-0.00402276023422465,-0.00400201065779456
"b_FA2A_smlr",-0.0256751443173552,-0.0130398044009381,-0.000328627046267612,0.00403371144750667,-0.0014922967069984,-0.00118291200574463,0.000183509483070827,-0.000250695202115989,-5.45926114995101e-05,-0.00052147079363921,0.000118042014410833,-0.000343084044277606,-0.000187188369703556,-0.00036275523943657,-0.000490729804203077,-0.000166745755161747,-0.00361158035656916,-0.00400916094707029,-0.00351410505126195,-0.00240287888171218,0.00876714597127662,0.00806446588603191,0.00788840785128691,0.00343735371668933,0.00333304635160948,-0.00224354673618401,-0.0020952173020334,0.00178184900277872,0.00107655647566569,0.0126802835783384,0.0133451905116416,0.0047645831133563,0.00432860556611145,-3.54567418964761e-05,0.000443008348595272,-0.000150151570526226,-0.000111454927241396,2.20203543487218e-05,-4.92126945379339e-05,-8.49498133520511e-06,-5.42929535301019e-05,1.35739777817377e-05,-3.71706589417675e-05,0.000457534264288271,0.000447670734231718,0.000415430886223448,0.000456290189893866,-0.00243203831495014,-0.00248651737269118,-0.00241389313275363,-0.00230934533744551,0.00183867050936464,0.00175283911363489,0.00171696619363171,-0.017344632384754,-0.0173572582696357,0.0158740988089217,0.0159051620916936,0.00390895349198756,0.00383969718256298,0.0122286187851728,0.0122967190528379,-0.00147693118612012,-0.00152300654618469
"b_FA3A_smlr",0.0590379025043212,0.0379839641126516,0.000808934347391186,-0.0014922967069984,0.00556450375564248,-0.000921074584875855,-0.00117933591920462,0.00107188852974804,2.69458575106174e-05,0.000145746427272645,0.000130195779716507,-0.000389582913423584,1.5514299963401e-05,0.000472954808742641,0.000372101804839323,0.000496943550826062,0.00707280540536769,0.00704905718836214,0.00719735086278227,0.00698201251319135,-0.0197536915845168,-0.0198770436331505,-0.0196325707561665,-0.00544988589409648,-0.00500055174048919,0.0059410532046228,0.00663397802436834,-0.002620035464174,-0.00327432345193799,-0.0334199086842943,-0.0335787878541369,-0.0118691320405566,-0.011469221331781,9.47991524328955e-05,-0.000146125544867236,0.000564797715796576,-8.48635305219976e-05,-0.000127903910007328,0.000134259069210004,7.8975454006452e-06,3.12049053757073e-05,1.04184611621889e-05,-2.3002567718432e-05,-0.00144985713506725,-0.00139166900787958,-0.00141598947012843,-0.00139885747569082,0.0112577723567782,0.0112606299659394,0.0112832221797688,0.0112626525016699,-0.00253605657786568,-0.00252596976450044,-0.00250031619010115,0.0187448512554939,0.0188003744957779,-0.0281922345199675,-0.0280925680175326,-0.00549470079727486,-0.00554112329026685,-0.0261770398647608,-0.0262143184611586,-0.00427100458550438,-0.0042492823879757
"b_FA4A_smlr",-0.0191439063045163,-0.0200835451255675,-0.000702017008537606,-0.00118291200574463,-0.000921074584875855,0.00408639121362062,0.000447861612357047,-0.000499603428400267,-0.000121257194352601,-0.000126189237325966,-0.000218569696384613,0.000161872455849701,0.00198995794790734,0.00211221165165923,0.0018410819131713,0.00188871428701199,-0.00437153220438341,-0.00440728733928569,-0.00462468401618369,-0.00493253057942284,0.00918860515014377,0.00880190993626147,0.00821755568448709,-0.0017695475399336,-0.0016264329246995,-0.00330237701483022,-0.00413582551633263,0.00137990437438982,0.00189309867441784,0.01787252131076,0.0179674262963592,-0.00127459301899067,-0.0012968285525128,-7.69808373550201e-05,-0.000114265289389315,-9.09119206628766e-05,0.000416607849325175,4.96723821408483e-05,-5.04838636224027e-05,-1.29037849626006e-05,-1.29900172927379e-05,-2.95457466837673e-05,2.0576747349229e-05,0.000682401517463701,0.000690750816889624,0.000685592452985688,0.000677415825457638,-0.00719748874323375,-0.0071972653694769,-0.00720531739580733,-0.0072290319634583,0.000253897977825733,0.000209139328972589,0.000135129111502053,0.00697917902590672,0.00698838488609119,0.00814476884910988,0.00802041488884959,0.00366260338855169,0.00371115340849039,0.00243980950488993,0.0024579491622434,0.00520900959216486,0.00522179744060799
"b_FA5A_smlr",-0.0305228502626571,-0.0209572630661574,0.000205806697282393,0.000183509483070827,-0.00117933591920462,0.000447861612357047,0.00259101269859033,-0.000497755576642095,0.000344062521689921,-0.000207788363538336,-0.0001022066793543,-0.000178606673077038,-0.00310630475725121,-0.00260300508634728,-0.00293172614595666,-0.00334367821629135,-0.00462905496809453,-0.00449845638937036,-0.00469833157418499,-0.00456064011539446,0.0103090673225374,0.0098275140774913,0.00957793021935333,0.00650918669577149,0.00748021371153798,-0.000451524067057615,-0.000841934421582538,0.0022041132947093,0.00224141902066584,0.01730118113483,0.016314547873009,0.00276914192999666,0.00327692127093112,4.89538693800955e-05,2.35714222211652e-05,-0.000125273051538908,4.785935842224e-05,0.000335739731615818,-3.28505007851988e-05,4.72931709724618e-05,-1.89048983448565e-05,6.27747514295021e-07,-2.21532451479582e-05,0.00083885276036467,0.00094157014075854,0.000882503111040893,0.00081326225461716,-0.00434675312209535,-0.00433038250217005,-0.00432110402089837,-0.00430213157066061,0.00154377254676248,0.00148620429861788,0.00143646857448504,-0.0275352698867679,-0.0274317062209135,0.0200189998718085,0.0199903889461552,0.00239121546593283,0.00241547291924306,0.021341304232105,0.0211900419683922,0.0067223856867518,0.00677475217208941
"b_FA6A_smlr",0.0761273643757995,0.0682063452201081,-0.00050185365749727,-0.000250695202115989,0.00107188852974804,-0.000499603428400267,-0.000497755576642095,0.00304200509913575,-2.45604050632265e-06,-0.000609251897492351,-0.000144545735361271,-1.27063302449717e-05,0.00292808780695173,0.00294047186825391,0.00288808851154049,0.00284098501036289,-0.00110101398110273,-0.000626581215324106,7.36413795559892e-05,0.00106025295317506,-0.0191865565171564,-0.0181459833968852,-0.0172373197088949,0.0143988264696697,0.0139999418495695,0.0110440681878504,0.0116942243852141,-0.00474417481713193,-0.00444015583027467,-0.0555514120174744,-0.0553232402724635,-0.02664196363652,-0.0269016097958212,-5.10171138606638e-05,-5.11861308353331e-05,0.000130716644982857,-5.54979061208343e-05,-3.00833819435573e-05,0.000421862250343759,-5.9800206036468e-06,-5.06306115575956e-05,-1.86039489503253e-05,5.35508473670669e-06,-0.0012733785865708,-0.00124847647923492,-0.00126465477268684,-0.00127994225679933,0.0175361699289833,0.0176040738380597,0.0177280542215502,0.01785065337765,-0.00407154476814142,-0.003936262842864,-0.0038001856928724,0.0348461125667537,0.0347866938670855,-0.0341768435179657,-0.0341048821424802,-0.0045221789205199,-0.00447418297462595,-0.0674696808576166,-0.0674578100966288,-0.00947277942888382,-0.00951214750552056
"b_FA1H_smlr",-0.0849732502477797,-0.0441908111542829,-0.000174143120138273,-5.45926114995101e-05,2.69458575106174e-05,-0.000121257194352601,0.000344062521689921,-2.45604050632265e-06,0.00389230608777125,-0.0018541928470851,-2.41866405808863e-05,1.634443059706e-05,-0.00309791367676039,-0.00313178853132103,-0.00283136467046446,-0.00312210906213457,-0.022250889073012,-0.0221084166816169,-0.0222617425380363,-0.0222402527036128,0.0296020178320432,0.0297479988555959,0.0297321016044961,0.0461144467449726,0.0460841468037787,0.0037007848804201,0.00347532779344347,0.00771800233533601,0.00779790770951061,0.0553781771225795,0.0554328046757274,-0.0323915316241401,-0.0325748344728866,-2.59100058413671e-05,-1.22061887386059e-05,2.69542378077349e-06,-1.40575493601356e-05,4.57900062794202e-05,-6.57943682631717e-06,0.000462469722190765,-0.000213844521076067,-1.02063730918961e-06,5.68535063661763e-06,0.00348171127710785,0.00345585477327597,0.00349299651331787,0.00345101103955536,-0.00315568841268718,-0.00315187530298702,-0.00315261987415281,-0.00315232404658689,-0.00240150120515654,-0.00238737165535829,-0.00238550894999438,-0.0828697864370088,-0.0828806618378385,0.0512589031716964,0.0512157167307129,0.0105149185346421,0.0105236082057028,0.038224177536692,0.0382175205811719,0.0291601271903841,0.0291539708615907
"b_FA2H_smlr",-0.00402337812537246,-0.0124663831935408,-0.000748581096974774,-0.00052147079363921,0.000145746427272645,-0.000126189237325966,-0.000207788363538336,-0.000609251897492351,-0.0018541928470851,0.00410532092063122,0.000507605089490648,-0.000410312885827936,0.00219230358539463,0.00213653921031379,0.00224347954824782,0.00233789517726225,0.00580987422575836,0.00602790239822792,0.00649489207691043,0.00717152252856123,-2.22591671727476e-05,-2.19306364916979e-05,0.000147976695420509,-0.0190746157481589,-0.0188888574938,-0.00612461088031761,-0.00632710152201993,-0.00125842758629392,-0.00217977561266698,-0.00208983872792318,-0.00155004011644811,0.0238151871710032,0.0239546976207605,-8.69146475750538e-05,-3.30460099485816e-05,4.28702973803105e-05,3.32787775676263e-07,-1.46297462630024e-05,-5.60739340728574e-05,-0.000205208620490069,0.000546985784908958,7.91659342399063e-05,-2.68840091793774e-05,-0.000831487489048403,-0.000807405936499713,-0.000804238405648412,-0.00080512395435863,-0.009558246108928,-0.00952807920527964,-0.00942330102903252,-0.00935483688189228,0.000719984372265777,0.000741315819062529,0.000744115474023847,0.0243854808986555,0.0244038456358502,-0.00426805754541118,-0.00423285786752879,-0.00237419083676841,-0.00244013420129123,0.00956875162061869,0.00960547825749828,-0.00537866639027858,-0.00542096371046038
"b_FA3H_smlr",0.0318251105133649,0.0114481292551742,-0.000198274171609072,0.000118042014410833,0.000130195779716507,-0.000218569696384613,-0.0001022066793543,-0.000144545735361271,-2.41866405808863e-05,0.000507605089490648,0.00271131151653379,-0.000852910373755706,0.00402947494355867,0.00395368715075609,0.00400418526488954,0.00392050314089666,0.0070664099320717,0.00683351978679842,0.00679622897921506,0.00668598583946766,-0.0137508044912924,-0.0140917789561324,-0.0140799188135957,-0.0235434761922864,-0.0236681659169759,-0.00297291633922997,-0.00325614296514036,-0.00623282923707974,-0.00577921684572554,-0.00652820655073539,-0.00657113867082377,0.0106881108937547,0.0108383179312471,-2.17196800983961e-05,2.18478769488362e-06,5.0015602630276e-06,-3.15926422645371e-05,4.88479504642725e-07,-1.53286580823544e-05,-6.94733193505479e-07,7.5099800279493e-05,0.000347172618454345,-0.000115726817588311,-0.00111995307626021,-0.00115538096246655,-0.00115031755863014,-0.00115471443602481,-0.00542109669343348,-0.00544291581654048,-0.00542979880827308,-0.00543349853085961,-0.00425522179534774,-0.00428891914812167,-0.00429011192300221,0.0554177039891864,0.0553933311637565,-0.0186781898414331,-0.0187432308014451,-0.00795145810345888,-0.00792329537695192,-0.0191952682650493,-0.019197030701551,-0.0101311768775338,-0.0101147376354938
"b_FA4H_smlr",-0.00609368908945558,0.00325074422016252,4.42639956708178e-05,-0.000343084044277606,-0.000389582913423584,0.000161872455849701,-0.000178606673077038,-1.27063302449717e-05,1.634443059706e-05,-0.000410312885827936,-0.000852910373755706,0.00226047125679728,-0.000893800242809091,-0.00100616884003389,-0.000881406220214841,-0.000863162533685253,0.000686732961692466,0.000706900993768263,0.000694401076524293,0.000484116527050758,0.000886249326382694,0.000965473502321061,0.00091255636386832,0.00416823638588654,0.00406115167275164,0.000860271894563991,0.000914834686174244,0.000918499575204177,0.000951824634754473,-0.00123654051117822,-0.00114351249397416,0.000874517973593812,0.000386878598241357,1.70083786317284e-05,-3.40482440797859e-05,-2.42502140329626e-05,2.16217447243141e-05,-2.11718758785801e-05,3.99464999225753e-06,9.66128459495623e-06,-3.43146183526135e-05,-0.000111522955813871,0.000278151548371658,0.000173563590372884,0.000167654585043552,0.000180486109598611,0.000184155520762174,0.00107681947668372,0.00108033024550772,0.00109518270628296,0.00105910229826022,-0.000551856503123109,-0.000546926869359563,-0.00054327832793011,-0.00569116326532159,-0.00570645728738053,0.000188769330587866,0.000205217171488439,-0.000105768387048123,-8.52052101025924e-05,0.00100831735655846,0.00101026116804266,0.00065542693411221,0.000574852928651573
"b_City_Midwest_smlr",1934130.18228663,1046492.07550212,-0.0087818394975706,-0.000187188369703556,1.5514299963401e-05,0.00198995794790734,-0.00310630475725121,0.00292808780695173,-0.00309791367676039,0.00219230358539463,0.00402947494355867,-0.000893800242809091,489780.514319386,489780.498025152,489780.481684259,489780.496345031,799491.837284616,799491.724360666,799491.809654589,799491.758985879,-1186844.02086072,-1186844.0777239,-1186844.04565918,-2059175.56809146,-2059175.48732343,184792.854248619,184792.843543799,-4809.25497159393,-4809.2506597806,-505865.250262845,-505865.354989677,348498.904292642,348498.973607598,0.000494315476564417,0.00237761103299181,-0.00117060050945648,-0.000894710481136932,-0.000754328650824656,-0.00421338319720794,-0.00430638823517814,0.00303620770824992,4.52039728380213e-05,-0.000203556475127504,-102529.469778934,-102529.474192074,-102529.478447947,-102529.469661214,621397.996596628,621397.981028043,621397.978054925,621398.001653629,-631862.881900597,-631862.849047591,-631862.905100604,-1066674.31957248,-1066674.48887383,-335351.726122705,-335351.762251125,-510033.491408463,-510033.568547136,1388783.23747321,1388783.24643095,-410221.232931517,-410221.250622008
"b_City_Northeast_smlr",1934130.21671593,1046492.1322465,-0.00904112579913545,-0.00036275523943657,0.000472954808742641,0.00211221165165923,-0.00260300508634728,0.00294047186825391,-0.00313178853132103,0.00213653921031379,0.00395368715075609,-0.00100616884003389,489780.498025152,489780.510568496,489780.482344335,489780.497040286,799491.874843423,799491.762110577,799491.847040702,799491.795503476,-1186844.06471545,-1186844.12257939,-1186844.09146472,-2059175.65409116,-2059175.57447484,184792.861591564,184792.85063699,-4809.26855085164,-4809.26429933669,-505865.352958055,-505865.455755125,348499.071202411,348499.139695265,0.000454634951571584,0.00236067378677199,-0.00113003553966076,-0.000878935422227205,-0.000670392817468686,-0.00419672289641601,-0.00433051589656121,0.00301111713915655,2.96664892984956e-05,-0.000217711698090404,-102529.477403739,-102529.477932812,-102529.484110952,-102529.475336864,621397.976830009,621397.96126641,621397.958272619,621397.981734435,-631862.932900028,-631862.900106721,-631862.95637281,-1066674.11320825,-1066674.28269671,-335351.814192161,-335351.850360407,-510033.543875299,-510033.620990558,1388783.20825742,1388783.21743987,-410221.249763486,-410221.267563935
"b_City_South_smlr",1934130.10273168,1046492.07857447,-0.00879797698128583,-0.000490729804203077,0.000372101804839323,0.0018410819131713,-0.00293172614595666,0.00288808851154049,-0.00283136467046446,0.00224347954824782,0.00400418526488954,-0.000881406220214841,489780.481684259,489780.482344335,489780.479456547,489780.480454046,799491.839696898,799491.727340912,799491.812509612,799491.761634945,-1186844.00003716,-1186844.05721527,-1186844.02620328,-2059175.56572562,-2059175.48490763,184792.857865519,184792.846602083,-4809.26089753773,-4809.25659967801,-505865.32126733,-505865.425810841,348499.048265355,348499.116747305,0.000475950435582296,0.00234448743412767,-0.00114533310407725,-0.00088302984761506,-0.000715743431804684,-0.004212132325211,-0.00429235000456945,0.00304286732762957,2.85849131588102e-05,-0.000199690894190477,-102529.475100737,-102529.477547283,-102529.479987209,-102529.473064925,621397.968202437,621397.952685374,621397.949733046,621397.973252232,-631862.898855155,-631862.866023284,-631862.92221575,-1066674.25710295,-1066674.42643132,-335351.732723396,-335351.76890537,-510033.527374856,-510033.604482059,1388783.27192888,1388783.28086922,-410221.241520045,-410221.259349359
"b_City_West_smlr",1934130.23186485,1046492.0914489,-0.00892362551546264,-0.000166745755161747,0.000496943550826062,0.00188871428701199,-0.00334367821629135,0.00284098501036289,-0.00312210906213457,0.00233789517726225,0.00392050314089666,-0.000863162533685253,489780.496345031,489780.497040286,489780.480454046,489780.502825421,799491.855059099,799491.742840516,799491.82804775,799491.777356606,-1186844.03433709,-1186844.09162666,-1186844.06045892,-2059175.61415547,-2059175.53351438,184792.86700724,184792.856415737,-4809.25937092767,-4809.25499692493,-505865.372133469,-505865.475516939,348499.010416955,348499.079496986,0.000463904647592238,0.00239002803778003,-0.00112073272124831,-0.00089263017447812,-0.000783841835978136,-0.00422671914030444,-0.00434152815939434,0.00305786399764299,1.64189276254839e-05,-0.000188658438988238,-102529.475148598,-102529.477617325,-102529.481903494,-102529.472172102,621397.994520628,621397.979003331,621397.976046704,621397.999594996,-631862.91118075,-631862.878317012,-631862.934511127,-1066674.20261911,-1066674.37191333,-335351.777132194,-335351.813219645,-510033.532908495,-510033.610014694,1388783.23508003,1388783.24415179,-410221.236243956,-410221.253972076
"b_Age_GenZ_smlr",8650705.43376701,3282877.09515246,0.0147769882742479,-0.00361158035656916,0.00707280540536769,-0.00437153220438341,-0.00462905496809453,-0.00110101398110273,-0.022250889073012,0.00580987422575836,0.0070664099320717,0.000686732961692466,799491.837284616,799491.874843423,799491.839696898,799491.855059099,1311341.48995587,1311341.37731087,1311341.414635,1311341.38566154,-2253721.87377822,-2253721.90844976,-2253721.86010364,-3526775.05819702,-3526775.00547987,-274559.141455101,-274559.126152978,-263930.811192138,-263930.840003431,-3206492.45925095,-3206492.4266632,-1236059.73819659,-1236059.69426598,-0.00096858584487482,-0.000685618131987687,0.00799101429115448,-0.00803906326438219,-0.00637811708681286,0.0173038730916717,-0.015626476038602,0.00482542970183418,-0.00129176596573674,0.000380959147614943,-215181.323427867,-215181.319856322,-215181.307764633,-215181.339341706,279955.885007663,279956.011289495,279955.944182632,279955.94496143,-106217.696594375,-106217.632962829,-106217.550417415,6244266.30915453,6244266.43237715,-5352170.89954751,-5352170.99613743,-577558.266825145,-577558.218595512,-2551827.83470946,-2551827.93430358,-1004143.26340499,-1004143.38562176
"b_Age_Millenials_smlr",8650705.04298731,3282877.17371444,0.0152806614963494,-0.00400916094707029,0.00704905718836214,-0.00440728733928569,-0.00449845638937036,-0.000626581215324106,-0.0221084166816169,0.00602790239822792,0.00683351978679842,0.000706900993768263,799491.724360666,799491.762110577,799491.727340912,799491.742840516,1311341.37731087,1311341.30672205,1311341.33700187,1311341.3078318,-2253721.74787245,-2253721.78350932,-2253721.73436928,-3526774.53991293,-3526774.48561898,-274559.122958487,-274559.113809129,-263930.783831547,-263930.814319664,-3206492.61883762,-3206492.58416561,-1236059.68354242,-1236059.63820075,-0.000881183397890574,-0.000750421730393368,0.00798528190936407,-0.00805347334684531,-0.00635325120383129,0.017386497684382,-0.0156308126770948,0.00488212025414422,-0.00131365796407211,0.000387363775412184,-215181.320213698,-215181.316656859,-215181.304515802,-215181.336091782,279955.955140915,279956.086161315,279956.018037576,279956.018832261,-106217.558910433,-106217.495348095,-106217.412632948,6244265.75004126,6244265.87345662,-5352170.76383456,-5352170.86125104,-577558.257073001,-577558.209080245,-2551827.73215585,-2551827.83149805,-1004143.2452667,-1004143.36732523
"b_Age_GenX_smlr",8650705.35822372,3282877.05333295,0.0150877999908845,-0.00351410505126195,0.00719735086278227,-0.00462468401618369,-0.00469833157418499,7.36413795559892e-05,-0.0222617425380363,0.00649489207691043,0.00679622897921506,0.000694401076524293,799491.809654589,799491.847040702,799491.812509612,799491.82804775,1311341.414635,1311341.33700187,1311341.38401449,1311341.3470039,-2253721.79211703,-2253721.82775808,-2253721.78039158,-3526774.86266901,-3526774.80847201,-274559.111934022,-274559.102287945,-263930.787128968,-263930.818178888,-3206492.61848522,-3206492.58398732,-1236059.76263733,-1236059.71723316,-0.000898576737513562,-0.000683955363248854,0.007994107512514,-0.00807183242627426,-0.00634456243523296,0.0175043128284405,-0.015626494386998,0.00497390642445617,-0.00130526459942981,0.000395109624921277,-215181.321068092,-215181.31753305,-215181.305350302,-215181.336923742,279955.93500036,279956.065029135,279955.999330208,279955.998982849,-106217.648102459,-106217.584561629,-106217.502038595,6244265.98366591,6244266.10709784,-5352170.77064478,-5352170.86801064,-577558.257717792,-577558.209791037,-2551827.73269933,-2551827.8320715,-1004143.24040973,-1004143.3625116
"b_Age_Older_smlr",8650705.51240451,3282877.09805465,0.014724421407904,-0.00240287888171218,0.00698201251319135,-0.00493253057942284,-0.00456064011539446,0.00106025295317506,-0.0222402527036128,0.00717152252856123,0.00668598583946766,0.000484116527050758,799491.758985879,799491.795503476,799491.761634945,799491.777356606,1311341.38566154,1311341.3078318,1311341.3470039,1311341.33422344,-2253721.81674709,-2253721.85142632,-2253721.803701,-3526774.65784912,-3526774.6035728,-274559.090639107,-274559.080467272,-263930.736589321,-263930.767619264,-3206492.99351033,-3206492.96018059,-1236059.71592936,-1236059.66973029,-0.000939888434599126,-0.000587159370451701,0.00797962311167255,-0.00810155868919014,-0.00632450915128348,0.0176351407124778,-0.0156273433983876,0.00505387558004016,-0.00131337906784072,0.00036406852274849,-215181.327811937,-215181.32442089,-215181.312168607,-215181.343707618,279956.05988513,279956.189982946,279956.123180999,279956.125585639,-106217.565014036,-106217.501325983,-106217.418767222,6244265.73886643,6244265.86226553,-5352170.77141097,-5352170.8687476,-577558.256042186,-577558.208136315,-2551827.75468787,-2551827.85419434,-1004143.22062293,-1004143.3425809
"b_Inc_Low_smlr",-7928853.77703363,2827333.24191161,-0.0278615765448455,0.00876714597127662,-0.0197536915845168,0.00918860515014377,0.0103090673225374,-0.0191865565171564,0.0296020178320432,-2.22591671727476e-05,-0.0137508044912924,0.000886249326382694,-1186844.02086072,-1186844.06471545,-1186844.00003716,-1186844.03433709,-2253721.87377822,-2253721.74787245,-2253721.79211703,-2253721.81674709,2374746.60735845,2374746.63779602,2374746.54104751,6034815.28262676,6034815.19936614,844340.644289187,844340.62473969,863635.751556285,863635.754305358,4044228.6592995,4044228.68497714,-2792347.48646563,-2792347.53857101,0.00212832785792558,0.00092420849458973,-0.0169918830136346,0.0155462586842982,0.0105203773321035,-0.0389706412291249,0.0230274511167466,-0.0036447485218123,0.000966072478641727,0.000254688591808335,126829.298193584,126829.288458049,126829.280407357,126829.30942441,996607.043135168,996606.877305629,996607.181505256,996607.029442926,2170465.62303311,2170465.49266274,2170465.4355729,-10371492.5007316,-10371492.533361,6824426.27031378,6824426.55867749,1738839.447823,1738839.48324413,-1706828.775279,-1706828.71894974,-2606179.89721939,-2606179.76869634
"b_Inc_Mid_smlr",-7928853.89371846,2827333.2813635,-0.028084820042085,0.00806446588603191,-0.0198770436331505,0.00880190993626147,0.0098275140774913,-0.0181459833968852,0.0297479988555959,-2.19306364916979e-05,-0.0140917789561324,0.000965473502321061,-1186844.0777239,-1186844.12257939,-1186844.05721527,-1186844.09162666,-2253721.90844976,-2253721.78350932,-2253721.82775808,-2253721.85142632,2374746.63779602,2374746.69108252,2374746.58671124,6034815.52904276,6034815.44618346,844340.675672278,844340.652376469,863635.743759681,863635.746323377,4044228.4670666,4044228.49247021,-2792347.39615259,-2792347.44758435,0.00210950558830521,0.000845851609766238,-0.0169696979812824,0.0155061789219229,0.0104650961016096,-0.0388280714783262,0.0230428904292607,-0.00360480897028003,0.000927317163870489,0.000265266548815732,126829.295119216,126829.285362071,126829.277336895,126829.306381689,996607.108657691,996606.942734791,996607.246913076,996607.094998083,2170465.65360122,2170465.52590071,2170465.46772502,-10371492.7237457,-10371492.756367,6824426.29100852,6824426.57902207,1738839.44366722,1738839.47911093,-1706828.71626693,-1706828.66003698,-2606179.88342354,-2606179.75487465
"b_Inc_High_smlr",-7928853.72446403,2827333.2448144,-0.0284277100889809,0.00788840785128691,-0.0196325707561665,0.00821755568448709,0.00957793021935333,-0.0172373197088949,0.0297321016044961,0.000147976695420509,-0.0140799188135957,0.00091255636386832,-1186844.04565918,-1186844.09146472,-1186844.02620328,-1186844.06045892,-2253721.86010364,-2253721.73436928,-2253721.78039158,-2253721.803701,2374746.54104751,2374746.58671124,2374746.49897858,6034815.31302553,6034815.23003857,844340.67241897,844340.646975609,863635.751081539,863635.753403086,4044228.57009822,4044228.5950735,-2792347.43927111,-2792347.48883602,0.0020543341412533,0.000804426161552462,-0.0169503128050712,0.0154241834298874,0.0104173948617673,-0.0386913227038912,0.0230450823901017,-0.00359526431289733,0.000918989517462686,0.000267580256468584,126829.294991354,126829.284987747,126829.27706154,126829.306109781,996607.08450623,996606.918727861,996607.222706917,996607.070834597,2170465.61898042,2170465.49024472,2170465.43447057,-10371492.4950051,-10371492.5276223,6824426.23431301,6824426.5219625,1738839.44488072,1738839.48027602,-1706828.78745122,-1706828.73129805,-2606179.88996127,-2606179.7611322
"b_Vpp_Deficient_smlr",-20978129.2066258,-2923097.43539604,-0.0117468902523917,0.00343735371668933,-0.00544988589409648,-0.0017695475399336,0.00650918669577149,0.0143988264696697,0.0461144467449726,-0.0190746157481589,-0.0235434761922864,0.00416823638588654,-2059175.56809146,-2059175.65409116,-2059175.56572562,-2059175.61415547,-3526775.05819702,-3526774.53991293,-3526774.86266901,-3526774.65784912,6034815.28262676,6034815.52904276,6034815.31302553,12062137.5383094,12062137.2048067,-838984.242952334,-838984.221074126,159835.147647305,159835.233459028,9081972.67213408,9081972.88701645,64303.8452601725,64303.6693472489,-0.00181589815382991,-0.00526655705793155,-0.00323089741843002,0.00803721444912642,0.00537008744603299,7.59127412227638e-05,0.0288972213366467,-0.0150031427488199,0.000502160976487075,0.000398670859346838,324422.846549634,324422.842010548,324422.853454694,324422.869415984,-2379600.49109495,-2379600.74557555,-2379600.65750279,-2379600.64208956,2200121.02359813,2200120.8620328,2200120.76172796,-12281124.0223975,-12281123.9306226,7341816.30600435,7341816.53788383,1791449.07458068,1791449.11772035,3715741.86360664,3715742.09557696,2210270.46223526,2210270.73312034
"b_Vpp_Sufficient_smlr",-20978129.192782,-2923097.6193121,-0.0118425439202549,0.00333304635160948,-0.00500055174048919,-0.0016264329246995,0.00748021371153798,0.0139999418495695,0.0460841468037787,-0.0188888574938,-0.0236681659169759,0.00406115167275164,-2059175.48732343,-2059175.57447484,-2059175.48490763,-2059175.53351438,-3526775.00547987,-3526774.48561898,-3526774.80847201,-3526774.6035728,6034815.19936614,6034815.44618346,6034815.23003857,12062137.2048067,12062136.8864891,-838984.276424578,-838984.254391822,159835.163182329,159835.249061166,9081973.05679271,9081973.27233975,64303.7417499933,64303.5654237868,-0.00182459322016684,-0.00527821571913622,-0.00318204385463812,0.00804883318594882,0.0054695537136309,1.87086216543466e-05,0.0288858907864046,-0.0149897121993951,0.000481649226577133,0.000383752093970489,324422.855216324,324422.850465128,324422.862086687,324422.878078764,-2379600.6088836,-2379600.86316,-2379600.7750651,-2379600.75969788,2200120.97016531,2200120.80861048,2200120.70831243,-12281123.8078022,-12281123.7140584,7341816.36747973,7341816.59936773,1791449.07626789,1791449.11940081,3715741.93160652,3715742.16369367,2210270.46219212,2210270.73303636
"b_Edc_LessBachelor_smlr",-1266450.86381948,128242.93032815,0.00762606003297069,-0.00224354673618401,0.0059410532046228,-0.00330237701483022,-0.000451524067057615,0.0110440681878504,0.0037007848804201,-0.00612461088031761,-0.00297291633922997,0.000860271894563991,184792.854248619,184792.861591564,184792.857865519,184792.86700724,-274559.141455101,-274559.122958487,-274559.111934022,-274559.090639107,844340.644289187,844340.675672278,844340.67241897,-838984.242952334,-838984.276424578,-618525.902798809,-618525.924560071,42591.6770103062,42591.6527534533,932487.116266426,932487.123455719,994307.557303715,994307.549648015,-0.000931936486249188,-0.00213189520616407,0.00410970794728231,-0.00183040485958389,-0.00172719252148198,0.0112476792691094,0.00237935291482719,-0.00339983911686235,-0.000765776627533156,0.000316024478723607,18387.3736475437,18387.3738424635,18387.3749446544,18387.3733507359,-567769.479511067,-567769.503576237,-567769.359297026,-567769.445179351,100569.992574384,100569.961331083,100570.003037252,787743.400350733,787743.411464462,465686.437957061,465686.526124498,229222.420827958,229222.44784122,-379292.337484313,-379292.361125955,-782790.8165861,-782790.868430707
"b_Edc_MoreBachelor_smlr",-1266450.84855744,128242.967200107,0.00691194962009277,-0.0020952173020334,0.00663397802436834,-0.00413582551633263,-0.000841934421582538,0.0116942243852141,0.00347532779344347,-0.00632710152201993,-0.00325614296514036,0.000914834686174244,184792.843543799,184792.85063699,184792.846602083,184792.856415737,-274559.126152978,-274559.113809129,-274559.102287945,-274559.080467272,844340.62473969,844340.652376469,844340.646975609,-838984.221074126,-838984.254391822,-618525.924560071,-618525.928243211,42591.6747911184,42591.6508673506,932487.075189534,932487.082181112,994307.596193601,994307.588673516,-0.00100573997268412,-0.00211674486966856,0.00418376401959448,-0.00194612600358038,-0.00177038146058082,0.0113101297924821,0.00234057272618065,-0.00343214064041935,-0.000801764533977717,0.000317877240760384,18387.3723448026,18387.3724536672,18387.3735437829,18387.3720484271,-567769.474393588,-567769.499204284,-567769.354849471,-567769.440701649,100570.01042712,100569.978791101,100570.020173044,787743.406773899,787743.417889421,465686.406421523,465686.496591492,229222.410301479,229222.437349826,-379292.351627061,-379292.375289215,-782790.825500437,-782790.877377021
"b_Gen_Female_smlr",-1155925.86604633,-3565388.53608503,-0.00205677666947724,0.00178184900277872,-0.002620035464174,0.00137990437438982,0.0022041132947093,-0.00474417481713193,0.00771800233533601,-0.00125842758629392,-0.00623282923707974,0.000918499575204177,-4809.25497159393,-4809.26855085164,-4809.26089753773,-4809.25937092767,-263930.811192138,-263930.783831547,-263930.787128968,-263930.736589321,863635.751556285,863635.743759681,863635.751081539,159835.147647305,159835.163182329,42591.6770103062,42591.6747911184,-685726.384587145,-685726.37202632,1483442.93607702,1483442.89784571,-439112.804240081,-439112.770644326,0.000914726202939821,0.000273164976343594,-0.00325442899241526,0.00300085234008322,0.00258381268615894,-0.00854767922975183,0.00710571649514749,-0.00227023545688213,-0.00013384107675217,0.000509885499490927,93415.635301746,93415.6329315893,93415.6321491457,93415.6434836831,-21285.1540341227,-21285.2108560486,-21285.3358610343,-21285.2513586489,257502.574983435,257502.605031962,257502.541964385,-1721997.42887241,-1721997.53042634,1584576.71473809,1584576.61551684,-47516.4350821151,-47516.5270849128,1822212.63730349,1822212.73385145,1598480.19363966,1598480.23009999
"b_Gen_NonFemale_smlr",-1155925.90350277,-3565388.586608,-0.00238438368064761,0.00107655647566569,-0.00327432345193799,0.00189309867441784,0.00224141902066584,-0.00444015583027467,0.00779790770951061,-0.00217977561266698,-0.00577921684572554,0.000951824634754473,-4809.2506597806,-4809.26429933669,-4809.25659967801,-4809.25499692493,-263930.840003431,-263930.814319664,-263930.818178888,-263930.767619264,863635.754305358,863635.746323377,863635.753403086,159835.233459028,159835.249061166,42591.6527534533,42591.6508673506,-685726.37202632,-685726.347103459,1483443.11149231,1483443.07366177,-439112.999115263,-439112.965145972,0.000887661649014754,0.000207922886905341,-0.0033081709352187,0.00306028582088041,0.00259971304569884,-0.00850682819930688,0.00712246181962269,-0.00238246427689547,-8.26671644992431e-05,0.000522930326299601,93415.64165936,93415.6393368486,93415.6385269115,93415.6498564756,-21285.1385182912,-21285.1955464762,-21285.3206017594,-21285.2361193316,257502.63363409,257502.663672465,257502.600573509,-1721997.58407622,-1721997.68563389,1584576.77212859,1584576.67299266,-47516.3616865168,-47516.4522812625,1822212.62935654,1822212.72593165,1598480.19554048,1598480.2320397
"b_Ngh_Urban_smlr",-2039840.402506,-1946436.16897169,-0.0312893698972737,0.0126802835783384,-0.0334199086842943,0.01787252131076,0.01730118113483,-0.0555514120174744,0.0553781771225795,-0.00208983872792318,-0.00652820655073539,-0.00123654051117822,-505865.250262845,-505865.352958055,-505865.32126733,-505865.372133469,-3206492.45925095,-3206492.61883762,-3206492.61848522,-3206492.99351033,4044228.6592995,4044228.4670666,4044228.57009822,9081972.67213408,9081973.05679271,932487.116266426,932487.075189534,1483442.93607702,1483443.11149231,-5300766.84861006,-5300766.88402406,-4489164.88425656,-4489164.62791421,0.00451465407631665,0.00057681848429985,-0.0264847853641082,0.0258439950955544,0.0150333887073063,-0.067816342607468,0.0212241524194627,0.00120375518048093,0.00451449855470487,0.00314085460655679,67781.0205668159,67780.9959442017,67781.019058284,67781.0202563838,3250055.35883879,3250055.4002367,3250054.84853399,3250055.12839243,1649289.38714818,1649289.39113817,1649289.04729178,-14321554.9090092,-14321555.3808964,5199284.80273115,5199284.49756097,2722679.27023022,2722679.07932909,2871400.34884576,2871400.20389352,507501.581097474,507501.901419574
"b_Ngh_NonUrban_smlr",-2039840.94171718,-1946435.96907878,-0.030956132506032,0.0133451905116416,-0.0335787878541369,0.0179674262963592,0.016314547873009,-0.0553232402724635,0.0554328046757274,-0.00155004011644811,-0.00657113867082377,-0.00114351249397416,-505865.354989677,-505865.455755125,-505865.425810841,-505865.475516939,-3206492.4266632,-3206492.58416561,-3206492.58398732,-3206492.96018059,4044228.68497714,4044228.49247021,4044228.5950735,9081972.88701645,9081973.27233975,932487.123455719,932487.082181112,1483442.89784571,1483443.07366177,-5300766.88402406,-5300766.9057693,-4489164.45806334,-4489164.20087191,0.00453835274319924,0.000634414636610242,-0.026516635368674,0.025860637150818,0.0148783785870068,-0.0677974330594746,0.0212080858867913,0.00125477252311282,0.00450679595877638,0.0031438159796343,67781.0227292212,67780.9983073762,67781.0211893758,67781.0225297015,3250055.24235457,3250055.28402141,3250054.73227391,3250055.01201515,1649289.37389257,1649289.37779836,1649289.0338597,-14321554.6768658,-14321555.1486363,5199284.63817144,5199284.33296169,2722679.11297134,2722678.92208911,2871400.36206498,2871400.2189007,507501.58389293,507501.904395862
